105
3 3
98 99
4 2
3 100
4 1
1000000000 99
1000000000 94
203 100
593065517 43
146755893 1
100 99
3 4
1000000000 2
2 4
1000000000 100
1 1
2 2
2 5
99 100
7 3
3 2
27387596 54
1 73
100 100
196 99
200 99
999999999 2
999999999 1
968261572 81
692322617 52
412538846 2
128124448 100
200 100
2 100
96 99
524548163 21
670467508 92
103 100
3 1
1000000000 3
102 99
2 1
6 3
443452894 88
99 99
198 100
4 3
142120133 69
3 5
417021999 1
195 99
1000000000 1
997184809 100
1 99
5 3
97 99
197 100
1 3
199 100
5 1
197 99
7 2
3 6
999999999 99
114382 1
3 99
5 2
1 10
138 6
199 99
4 8
1 2
1 31
411787879 54
1 100
4 5
670528042 10
8 3
6 2
2 3
558689828 44
800744567 72
999999999 100
3 7
1000000000 40
4 9
201 99
999999999 3
201 100
236088977 100
97 100
4 6
273049978 17
102 100
101 100
101 99
4 7
198101484 78
9 3
98 100
2 99
4 4
202 100
198 99
783314473 84
